explosion-0 21 42 90 84
explosion-1 148 33 91 93
explosion-2 266 16 108 110
explosion-3 386 4 125 122
fireball-0 1 135 113 91
fireball-1 130 127 115 123
fireball-2 256 127 126 114
fireball-3 381 127 129 122
robot-0 16 258 106 111
robot-1 148 266 109 117
robot-2 266 266 118 117
robot-3 385 266 126 117
snake-0 21 404 99 106
snake-1 128 424 113 87
snake-2 255 413 117 98 
snake-3 400 385 97 127
strike-0 88 515 30 38
strike-1 180 517 67 97
strike-2 273 515 106 123
strike-3 396 526 96 110
mine-0 1 659 125 106
mine-1 127 668 130 98
mine-2 265 655 110 112
mine-3 385 643 126 124
spike-0 1 770 125 124
spike-1 127 770 127 124
axe-3 254 769 129 124