explosion-0 1 1 129 130
explosion-1 129 1 129 130
explosion-2 258 1 129 130
explosion-3 387 1 129 130
fireball-0 1 129 117 224 
fireball-1 117 129 117 224
fireball-2 234 129 117 224
fireball-3 352 129 117 224
robot-0 1 256 121 373
robot-1 121 256 129 384
robot-2 242 256 129 384 
robot-3 364 256 129 384
snake-0 1 368 122 505
snake-1 122 368 122 505
snake-2 244 368 122 505 
snake-3 367 368 122 505
strike-0 1 511 143 643
strike-1 143 511 143 643
strike-2 286 511 143 643 
strike-3 430 511 143 643
mine-0 1 654 125 779
mine-1 125 654 125 779
mine-2 250 654 125 779 
mine-3 378 654 125 779
spike-0 1 778 121 893
spike-1 121 778 121 893 
axe-3 242 778 257 384 893